
INPUT DATA FOR TYPE OF PROBLEM

 PLANE STRESS PROBLEM

 AUTOMATIC MESH
 NO. OF DOMAIN =    1

GEOMETRY

 NO. OF NODES =   85
 NODE               COORD_X          COORD_Y
    1                  0.00            -6.00
    2                  0.00            -3.00
    3                  0.00             0.00
    4                  0.00             3.00
    5                  0.00             6.00
    6                  3.00            -6.00
    7                  3.00            -3.00
    8                  3.00             0.00
    9                  3.00             3.00
   10                  3.00             6.00
   11                  6.00            -6.00
   12                  6.00            -3.00
   13                  6.00             0.00
   14                  6.00             3.00
   15                  6.00             6.00
   16                  9.00            -6.00
   17                  9.00            -3.00
   18                  9.00             0.00
   19                  9.00             3.00
   20                  9.00             6.00
   21                 12.00            -6.00
   22                 12.00            -3.00
   23                 12.00             0.00
   24                 12.00             3.00
   25                 12.00             6.00
   26                 15.00            -6.00
   27                 15.00            -3.00
   28                 15.00             0.00
   29                 15.00             3.00
   30                 15.00             6.00
   31                 18.00            -6.00
   32                 18.00            -3.00
   33                 18.00             0.00
   34                 18.00             3.00
   35                 18.00             6.00
   36                 21.00            -6.00
   37                 21.00            -3.00
   38                 21.00             0.00
   39                 21.00             3.00
   40                 21.00             6.00
   41                 24.00            -6.00
   42                 24.00            -3.00
   43                 24.00             0.00
   44                 24.00             3.00
   45                 24.00             6.00
   46                 27.00            -6.00
   47                 27.00            -3.00
   48                 27.00             0.00
   49                 27.00             3.00
   50                 27.00             6.00
   51                 30.00            -6.00
   52                 30.00            -3.00
   53                 30.00             0.00
   54                 30.00             3.00
   55                 30.00             6.00
   56                 33.00            -6.00
   57                 33.00            -3.00
   58                 33.00             0.00
   59                 33.00             3.00
   60                 33.00             6.00
   61                 36.00            -6.00
   62                 36.00            -3.00
   63                 36.00             0.00
   64                 36.00             3.00
   65                 36.00             6.00
   66                 39.00            -6.00
   67                 39.00            -3.00
   68                 39.00             0.00
   69                 39.00             3.00
   70                 39.00             6.00
   71                 42.00            -6.00
   72                 42.00            -3.00
   73                 42.00             0.00
   74                 42.00             3.00
   75                 42.00             6.00
   76                 45.00            -6.00
   77                 45.00            -3.00
   78                 45.00             0.00
   79                 45.00             3.00
   80                 45.00             6.00
   81                 48.00            -6.00
   82                 48.00            -3.00
   83                 48.00             0.00
   84                 48.00             3.00
   85                 48.00             6.00

 NO. OF ELEMENT TYPE =    1
 TYPE                 YOUNG             POIS          THERMAL           WEIGHT        THICKNESS
    1              20000.00             0.25             0.00             0.00             1.00

 NO. OF ELEMENT =    64
 ELEM                    N1               N2               N3               N4     ELEMENT TYPE      GAUSS POINT
    1                     1                6                7                2                1                2
    2                     6               11               12                7                1                2
    3                    11               16               17               12                1                2
    4                    16               21               22               17                1                2
    5                    21               26               27               22                1                2
    6                    26               31               32               27                1                2
    7                    31               36               37               32                1                2
    8                    36               41               42               37                1                2
    9                    41               46               47               42                1                2
   10                    46               51               52               47                1                2
   11                    51               56               57               52                1                2
   12                    56               61               62               57                1                2
   13                    61               66               67               62                1                2
   14                    66               71               72               67                1                2
   15                    71               76               77               72                1                2
   16                    76               81               82               77                1                2
   17                     2                7                8                3                1                2
   18                     7               12               13                8                1                2
   19                    12               17               18               13                1                2
   20                    17               22               23               18                1                2
   21                    22               27               28               23                1                2
   22                    27               32               33               28                1                2
   23                    32               37               38               33                1                2
   24                    37               42               43               38                1                2
   25                    42               47               48               43                1                2
   26                    47               52               53               48                1                2
   27                    52               57               58               53                1                2
   28                    57               62               63               58                1                2
   29                    62               67               68               63                1                2
   30                    67               72               73               68                1                2
   31                    72               77               78               73                1                2
   32                    77               82               83               78                1                2
   33                     3                8                9                4                1                2
   34                     8               13               14                9                1                2
   35                    13               18               19               14                1                2
   36                    18               23               24               19                1                2
   37                    23               28               29               24                1                2
   38                    28               33               34               29                1                2
   39                    33               38               39               34                1                2
   40                    38               43               44               39                1                2
   41                    43               48               49               44                1                2
   42                    48               53               54               49                1                2
   43                    53               58               59               54                1                2
   44                    58               63               64               59                1                2
   45                    63               68               69               64                1                2
   46                    68               73               74               69                1                2
   47                    73               78               79               74                1                2
   48                    78               83               84               79                1                2
   49                     4                9               10                5                1                2
   50                     9               14               15               10                1                2
   51                    14               19               20               15                1                2
   52                    19               24               25               20                1                2
   53                    24               29               30               25                1                2
   54                    29               34               35               30                1                2
   55                    34               39               40               35                1                2
   56                    39               44               45               40                1                2
   57                    44               49               50               45                1                2
   58                    49               54               55               50                1                2
   59                    54               59               60               55                1                2
   60                    59               64               65               60                1                2
   61                    64               69               70               65                1                2
   62                    69               74               75               70                1                2
   63                    74               79               80               75                1                2
   64                    79               84               85               80                1                2

RESTRAINTS/LINKS

 NO. OF RESTRAINTS =   10
 NODE             DIRECTION
    1                     1
    1                     2
    2                     1
    2                     2
    3                     1
    3                     2
    4                     1
    4                     2
    5                     1
    5                     2

 NO. OF LINKS =    0

 DOF MATRIX
 Node                    Ux               Uy
    1                    -1               -1
    2                    -1               -1
    3                    -1               -1
    4                    -1               -1
    5                    -1               -1
    6                     1                2
    7                     3                4
    8                     5                6
    9                     7                8
   10                     9               10
   11                    11               12
   12                    13               14
   13                    15               16
   14                    17               18
   15                    19               20
   16                    21               22
   17                    23               24
   18                    25               26
   19                    27               28
   20                    29               30
   21                    31               32
   22                    33               34
   23                    35               36
   24                    37               38
   25                    39               40
   26                    41               42
   27                    43               44
   28                    45               46
   29                    47               48
   30                    49               50
   31                    51               52
   32                    53               54
   33                    55               56
   34                    57               58
   35                    59               60
   36                    61               62
   37                    63               64
   38                    65               66
   39                    67               68
   40                    69               70
   41                    71               72
   42                    73               74
   43                    75               76
   44                    77               78
   45                    79               80
   46                    81               82
   47                    83               84
   48                    85               86
   49                    87               88
   50                    89               90
   51                    91               92
   52                    93               94
   53                    95               96
   54                    97               98
   55                    99              100
   56                   101              102
   57                   103              104
   58                   105              106
   59                   107              108
   60                   109              110
   61                   111              112
   62                   113              114
   63                   115              116
   64                   117              118
   65                   119              120
   66                   121              122
   67                   123              124
   68                   125              126
   69                   127              128
   70                   129              130
   71                   131              132
   72                   133              134
   73                   135              136
   74                   137              138
   75                   139              140
   76                   141              142
   77                   143              144
   78                   145              146
   79                   147              148
   80                   149              150
   81                   151              152
   82                   153              154
   83                   155              156
   84                   157              158
   85                   159              160

 NO. OF LOADS =    0

 NO. OF SURFACE LOADS =    4
 SURF                    N1               N2              Px1              Px2              Py1              Py2
    1                    81               82             0.00             0.00             0.00            -4.17
    2                    82               83             0.00             0.00            -4.17            -5.00
    3                    83               84             0.00             0.00            -5.00            -4.17
    4                    84               85             0.00             0.00            -4.17             0.00

 NO. OF ELEMENT WITH THERMAL LOADS =    0


    DOF                 FORCE
      1              0.00E+00
      2              0.00E+00
      3              0.00E+00
      4              0.00E+00
      5              0.00E+00
      6              0.00E+00
      7              0.00E+00
      8              0.00E+00
      9              0.00E+00
     10              0.00E+00
     11              0.00E+00
     12              0.00E+00
     13              0.00E+00
     14              0.00E+00
     15              0.00E+00
     16              0.00E+00
     17              0.00E+00
     18              0.00E+00
     19              0.00E+00
     20              0.00E+00
     21              0.00E+00
     22              0.00E+00
     23              0.00E+00
     24              0.00E+00
     25              0.00E+00
     26              0.00E+00
     27              0.00E+00
     28              0.00E+00
     29              0.00E+00
     30              0.00E+00
     31              0.00E+00
     32              0.00E+00
     33              0.00E+00
     34              0.00E+00
     35              0.00E+00
     36              0.00E+00
     37              0.00E+00
     38              0.00E+00
     39              0.00E+00
     40              0.00E+00
     41              0.00E+00
     42              0.00E+00
     43              0.00E+00
     44              0.00E+00
     45              0.00E+00
     46              0.00E+00
     47              0.00E+00
     48              0.00E+00
     49              0.00E+00
     50              0.00E+00
     51              0.00E+00
     52              0.00E+00
     53              0.00E+00
     54              0.00E+00
     55              0.00E+00
     56              0.00E+00
     57              0.00E+00
     58              0.00E+00
     59              0.00E+00
     60              0.00E+00
     61              0.00E+00
     62              0.00E+00
     63              0.00E+00
     64              0.00E+00
     65              0.00E+00
     66              0.00E+00
     67              0.00E+00
     68              0.00E+00
     69              0.00E+00
     70              0.00E+00
     71              0.00E+00
     72              0.00E+00
     73              0.00E+00
     74              0.00E+00
     75              0.00E+00
     76              0.00E+00
     77              0.00E+00
     78              0.00E+00
     79              0.00E+00
     80              0.00E+00
     81              0.00E+00
     82              0.00E+00
     83              0.00E+00
     84              0.00E+00
     85              0.00E+00
     86              0.00E+00
     87              0.00E+00
     88              0.00E+00
     89              0.00E+00
     90              0.00E+00
     91              0.00E+00
     92              0.00E+00
     93              0.00E+00
     94              0.00E+00
     95              0.00E+00
     96              0.00E+00
     97              0.00E+00
     98              0.00E+00
     99              0.00E+00
    100              0.00E+00
    101              0.00E+00
    102              0.00E+00
    103              0.00E+00
    104              0.00E+00
    105              0.00E+00
    106              0.00E+00
    107              0.00E+00
    108              0.00E+00
    109              0.00E+00
    110              0.00E+00
    111              0.00E+00
    112              0.00E+00
    113              0.00E+00
    114              0.00E+00
    115              0.00E+00
    116              0.00E+00
    117              0.00E+00
    118              0.00E+00
    119              0.00E+00
    120              0.00E+00
    121              0.00E+00
    122              0.00E+00
    123              0.00E+00
    124              0.00E+00
    125              0.00E+00
    126              0.00E+00
    127              0.00E+00
    128              0.00E+00
    129              0.00E+00
    130              0.00E+00
    131              0.00E+00
    132              0.00E+00
    133              0.00E+00
    134              0.00E+00
    135              0.00E+00
    136              0.00E+00
    137              0.00E+00
    138              0.00E+00
    139              0.00E+00
    140              0.00E+00
    141              0.00E+00
    142              0.00E+00
    143              0.00E+00
    144              0.00E+00
    145              0.00E+00
    146              0.00E+00
    147              0.00E+00
    148              0.00E+00
    149              0.00E+00
    150              0.00E+00
    151              0.00E+00
    152             -0.21E+01
    153              0.00E+00
    154             -0.11E+02
    155              0.00E+00
    156             -0.14E+02
    157              0.00E+00
    158             -0.11E+02
    159              0.00E+00
    160             -0.21E+01

 STIFFNESS MATRIX

 SUMMARY OF RESULTS
 NODAL DISPLACEMENTS
 NODE                    Ux               Uy
    1           0.00000E+00      0.00000E+00
    2           0.00000E+00      0.00000E+00
    3           0.00000E+00      0.00000E+00
    4           0.00000E+00      0.00000E+00
    5           0.00000E+00      0.00000E+00
    6          -0.11428E-01     -0.58756E-02
    7          -0.50934E-02     -0.36941E-02
    8           0.79147E-16     -0.31639E-02
    9           0.50934E-02     -0.36941E-02
   10           0.11428E-01     -0.58756E-02
   11          -0.21884E-01     -0.15289E-01
   12          -0.10490E-01     -0.13383E-01
   13           0.16306E-15     -0.12685E-01
   14           0.10490E-01     -0.13383E-01
   15           0.21884E-01     -0.15289E-01
   16          -0.31694E-01     -0.29817E-01
   17          -0.15437E-01     -0.28031E-01
   18           0.24460E-15     -0.27440E-01
   19           0.15437E-01     -0.28031E-01
   20           0.31694E-01     -0.29817E-01
   21          -0.40804E-01     -0.49070E-01
   22          -0.19993E-01     -0.47431E-01
   23           0.32439E-15     -0.46884E-01
   24           0.19993E-01     -0.47431E-01
   25           0.40804E-01     -0.49070E-01
   26          -0.49185E-01     -0.72704E-01
   27          -0.24183E-01     -0.71201E-01
   28           0.39899E-15     -0.70700E-01
   29           0.24183E-01     -0.71201E-01
   30           0.49185E-01     -0.72704E-01
   31          -0.56837E-01     -0.10035E+00
   32          -0.28009E-01     -0.98979E-01
   33           0.47531E-15     -0.98524E-01
   34           0.28009E-01     -0.98979E-01
   35           0.56837E-01     -0.10035E+00
   36          -0.63760E-01     -0.13163E+00
   37          -0.31470E-01     -0.13040E+00
   38           0.53083E-15     -0.12999E+00
   39           0.31470E-01     -0.13040E+00
   40           0.63760E-01     -0.13163E+00
   41          -0.69955E-01     -0.16620E+00
   42          -0.34567E-01     -0.16510E+00
   43           0.58981E-15     -0.16474E+00
   44           0.34567E-01     -0.16510E+00
   45           0.69955E-01     -0.16620E+00
   46          -0.75420E-01     -0.20368E+00
   47          -0.37300E-01     -0.20272E+00
   48           0.68001E-15     -0.20240E+00
   49           0.37300E-01     -0.20272E+00
   50           0.75420E-01     -0.20368E+00
   51          -0.80157E-01     -0.24371E+00
   52          -0.39669E-01     -0.24289E+00
   53           0.74940E-15     -0.24261E+00
   54           0.39669E-01     -0.24289E+00
   55           0.80157E-01     -0.24371E+00
   56          -0.84165E-01     -0.28592E+00
   57          -0.41673E-01     -0.28524E+00
   58           0.78410E-15     -0.28501E+00
   59           0.41673E-01     -0.28524E+00
   60           0.84165E-01     -0.28592E+00
   61          -0.87445E-01     -0.32996E+00
   62          -0.43312E-01     -0.32942E+00
   63           0.80491E-15     -0.32923E+00
   64           0.43312E-01     -0.32942E+00
   65           0.87445E-01     -0.32996E+00
   66          -0.89995E-01     -0.37546E+00
   67          -0.44588E-01     -0.37505E+00
   68           0.82573E-15     -0.37491E+00
   69           0.44588E-01     -0.37505E+00
   70           0.89995E-01     -0.37546E+00
   71          -0.91816E-01     -0.42205E+00
   72          -0.45500E-01     -0.42177E+00
   73           0.83267E-15     -0.42168E+00
   74           0.45500E-01     -0.42177E+00
   75           0.91816E-01     -0.42205E+00
   76          -0.92902E-01     -0.46937E+00
   77          -0.46055E-01     -0.46922E+00
   78           0.80491E-15     -0.46918E+00
   79           0.46055E-01     -0.46922E+00
   80           0.92902E-01     -0.46937E+00
   81          -0.93245E-01     -0.51696E+00
   82          -0.46238E-01     -0.51706E+00
   83           0.76675E-15     -0.51707E+00
   84           0.46238E-01     -0.51706E+00
   85           0.93245E-01     -0.51696E+00
  MAX           0.93245E-01      0.00000E+00
  MIN          -0.93245E-01     -0.51707E+00

 DISPLACEMENTS AT DEGREE OF FREEDOM
  DOF                  DISP
    1          -0.11428E-01
    2          -0.58756E-02
    3          -0.50934E-02
    4          -0.36941E-02
    5           0.79147E-16
    6          -0.31639E-02
    7           0.50934E-02
    8          -0.36941E-02
    9           0.11428E-01
   10          -0.58756E-02
   11          -0.21884E-01
   12          -0.15289E-01
   13          -0.10490E-01
   14          -0.13383E-01
   15           0.16306E-15
   16          -0.12685E-01
   17           0.10490E-01
   18          -0.13383E-01
   19           0.21884E-01
   20          -0.15289E-01
   21          -0.31694E-01
   22          -0.29817E-01
   23          -0.15437E-01
   24          -0.28031E-01
   25           0.24460E-15
   26          -0.27440E-01
   27           0.15437E-01
   28          -0.28031E-01
   29           0.31694E-01
   30          -0.29817E-01
   31          -0.40804E-01
   32          -0.49070E-01
   33          -0.19993E-01
   34          -0.47431E-01
   35           0.32439E-15
   36          -0.46884E-01
   37           0.19993E-01
   38          -0.47431E-01
   39           0.40804E-01
   40          -0.49070E-01
   41          -0.49185E-01
   42          -0.72704E-01
   43          -0.24183E-01
   44          -0.71201E-01
   45           0.39899E-15
   46          -0.70700E-01
   47           0.24183E-01
   48          -0.71201E-01
   49           0.49185E-01
   50          -0.72704E-01
   51          -0.56837E-01
   52          -0.10035E+00
   53          -0.28009E-01
   54          -0.98979E-01
   55           0.47531E-15
   56          -0.98524E-01
   57           0.28009E-01
   58          -0.98979E-01
   59           0.56837E-01
   60          -0.10035E+00
   61          -0.63760E-01
   62          -0.13163E+00
   63          -0.31470E-01
   64          -0.13040E+00
   65           0.53083E-15
   66          -0.12999E+00
   67           0.31470E-01
   68          -0.13040E+00
   69           0.63760E-01
   70          -0.13163E+00
   71          -0.69955E-01
   72          -0.16620E+00
   73          -0.34567E-01
   74          -0.16510E+00
   75           0.58981E-15
   76          -0.16474E+00
   77           0.34567E-01
   78          -0.16510E+00
   79           0.69955E-01
   80          -0.16620E+00
   81          -0.75420E-01
   82          -0.20368E+00
   83          -0.37300E-01
   84          -0.20272E+00
   85           0.68001E-15
   86          -0.20240E+00
   87           0.37300E-01
   88          -0.20272E+00
   89           0.75420E-01
   90          -0.20368E+00
   91          -0.80157E-01
   92          -0.24371E+00
   93          -0.39669E-01
   94          -0.24289E+00
   95           0.74940E-15
   96          -0.24261E+00
   97           0.39669E-01
   98          -0.24289E+00
   99           0.80157E-01
  100          -0.24371E+00
  101          -0.84165E-01
  102          -0.28592E+00
  103          -0.41673E-01
  104          -0.28524E+00
  105           0.78410E-15
  106          -0.28501E+00
  107           0.41673E-01
  108          -0.28524E+00
  109           0.84165E-01
  110          -0.28592E+00
  111          -0.87445E-01
  112          -0.32996E+00
  113          -0.43312E-01
  114          -0.32942E+00
  115           0.80491E-15
  116          -0.32923E+00
  117           0.43312E-01
  118          -0.32942E+00
  119           0.87445E-01
  120          -0.32996E+00
  121          -0.89995E-01
  122          -0.37546E+00
  123          -0.44588E-01
  124          -0.37505E+00
  125           0.82573E-15
  126          -0.37491E+00
  127           0.44588E-01
  128          -0.37505E+00
  129           0.89995E-01
  130          -0.37546E+00
  131          -0.91816E-01
  132          -0.42205E+00
  133          -0.45500E-01
  134          -0.42177E+00
  135           0.83267E-15
  136          -0.42168E+00
  137           0.45500E-01
  138          -0.42177E+00
  139           0.91816E-01
  140          -0.42205E+00
  141          -0.92902E-01
  142          -0.46937E+00
  143          -0.46055E-01
  144          -0.46922E+00
  145           0.80491E-15
  146          -0.46918E+00
  147           0.46055E-01
  148          -0.46922E+00
  149           0.92902E-01
  150          -0.46937E+00
  151          -0.93245E-01
  152          -0.51696E+00
  153          -0.46238E-01
  154          -0.51706E+00
  155           0.76675E-15
  156          -0.51707E+00
  157           0.46238E-01
  158          -0.51706E+00
  159           0.93245E-01
  160          -0.51696E+00

 NODAL STRESSES/DEFORMATIONS BASED ON: 
 ARITHMETIC MEAN

 STRAINS (IN CENTER OF GRAVITY) IN ELEMENT:     1
         EPSX                  EPSY               GAMMAXY                  EPSZ                  EPS1                  EPS2                 THETA
 -0.27535E-02           0.36358E-03          -0.53925E-03           0.79664E-03           0.45424E-03          -0.28441E-02                  1.66

 STRESSES(IN CENTER OF GRAVITY) IN ELEMENT:    1
         SIGX                  SIGY                 TAUXY                  SIGZ                  SIG1                  SIG2                 THETA
 -0.56802E+02          -0.69288E+01          -0.43140E+01           0.00000E+00          -0.65584E+01          -0.57173E+02                  1.66

 ENERGY IN ELEMENT:    1
       VOLUME                ENERGY               ENERGY%
         2.25           0.75780E+00                  7.33

 STRAINS (IN CENTER OF GRAVITY) IN ELEMENT:     2
         EPSX                  EPSY               GAMMAXY                  EPSZ                  EPS1                  EPS2                 THETA
 -0.26422E-02           0.68131E-03          -0.22897E-03           0.65362E-03           0.69701E-03          -0.26579E-02                  1.61

 STRESSES(IN CENTER OF GRAVITY) IN ELEMENT:    2
         SIGX                  SIGY                 TAUXY                  SIGZ                  SIG1                  SIG2                 THETA
 -0.52733E+02           0.44310E+00          -0.18317E+01           0.00000E+00           0.50612E+00          -0.52796E+02                  1.61

 ENERGY IN ELEMENT:    2
       VOLUME                ENERGY               ENERGY%
         2.25           0.66161E+00                  6.40

 STRAINS (IN CENTER OF GRAVITY) IN ELEMENT:     3
         EPSX                  EPSY               GAMMAXY                  EPSZ                  EPS1                  EPS2                 THETA
 -0.24596E-02           0.61536E-03          -0.25409E-03           0.61475E-03           0.63621E-03          -0.24805E-02                  1.61

 STRESSES(IN CENTER OF GRAVITY) IN ELEMENT:    3
         SIGX                  SIGY                 TAUXY                  SIGZ                  SIG1                  SIG2                 THETA
 -0.49190E+02           0.97493E-02          -0.20327E+01           0.00000E+00           0.93590E-01          -0.49273E+02                  1.61

 ENERGY IN ELEMENT:    3
       VOLUME                ENERGY               ENERGY%
         2.25           0.57571E+00                  5.57

 STRAINS (IN CENTER OF GRAVITY) IN ELEMENT:     4
         EPSX                  EPSY               GAMMAXY                  EPSZ                  EPS1                  EPS2                 THETA
 -0.22776E-02           0.57073E-03          -0.26426E-03           0.56896E-03           0.59504E-03          -0.23019E-02                  1.62

 STRESSES(IN CENTER OF GRAVITY) IN ELEMENT:    4
         SIGX                  SIGY                 TAUXY                  SIGZ                  SIG1                  SIG2                 THETA
 -0.45545E+02           0.28292E-01          -0.21141E+01           0.00000E+00           0.12615E+00          -0.45643E+02                  1.62

 ENERGY IN ELEMENT:    4
       VOLUME                ENERGY               ENERGY%
         2.25           0.49477E+00                  4.78

 STRAINS (IN CENTER OF GRAVITY) IN ELEMENT:     5
         EPSX                  EPSY               GAMMAXY                  EPSZ                  EPS1                  EPS2                 THETA
 -0.20951E-02           0.52363E-03          -0.26499E-03           0.52384E-03           0.55017E-03          -0.21217E-02                  1.62

 STRESSES(IN CENTER OF GRAVITY) IN ELEMENT:    5
         SIGX                  SIGY                 TAUXY                  SIGZ                  SIG1                  SIG2                 THETA
 -0.41904E+02          -0.33351E-02          -0.21199E+01           0.00000E+00           0.10365E+00          -0.42011E+02                  1.62

 ENERGY IN ELEMENT:    5
       VOLUME                ENERGY               ENERGY%
         2.25           0.41908E+00                  4.05

 STRAINS (IN CENTER OF GRAVITY) IN ELEMENT:     6
         EPSX                  EPSY               GAMMAXY                  EPSZ                  EPS1                  EPS2                 THETA
 -0.19130E-02           0.47825E-03          -0.26488E-03           0.47824E-03           0.50724E-03          -0.19420E-02                  1.63

 STRESSES(IN CENTER OF GRAVITY) IN ELEMENT:    6
         SIGX                  SIGY                 TAUXY                  SIGZ                  SIG1                  SIG2                 THETA
 -0.38259E+02           0.23391E-03          -0.21190E+01           0.00000E+00           0.11724E+00          -0.38376E+02                  1.63

 ENERGY IN ELEMENT:    6
       VOLUME                ENERGY               ENERGY%
         2.25           0.34979E+00                  3.38

 STRAINS (IN CENTER OF GRAVITY) IN ELEMENT:     7
         EPSX                  EPSY               GAMMAXY                  EPSZ                  EPS1                  EPS2                 THETA
 -0.17308E-02           0.43269E-03          -0.26485E-03           0.43270E-03           0.46464E-03          -0.17627E-02                  1.63

 STRESSES(IN CENTER OF GRAVITY) IN ELEMENT:    7
         SIGX                  SIGY                 TAUXY                  SIGZ                  SIG1                  SIG2                 THETA
 -0.34616E+02          -0.13551E-03          -0.21188E+01           0.00000E+00           0.12907E+00          -0.34745E+02                  1.63

 ENERGY IN ELEMENT:    7
       VOLUME                ENERGY               ENERGY%
         2.25           0.28680E+00                  2.77

 STRAINS (IN CENTER OF GRAVITY) IN ELEMENT:     8
         EPSX                  EPSY               GAMMAXY                  EPSZ                  EPS1                  EPS2                 THETA
 -0.15486E-02           0.38715E-03          -0.26485E-03           0.38715E-03           0.42273E-03          -0.15842E-02                  1.64

 STRESSES(IN CENTER OF GRAVITY) IN ELEMENT:    8
         SIGX                  SIGY                 TAUXY                  SIGZ                  SIG1                  SIG2                 THETA
 -0.30972E+02           0.21483E-04          -0.21188E+01           0.00000E+00           0.14429E+00          -0.31116E+02                  1.64

 ENERGY IN ELEMENT:    8
       VOLUME                ENERGY               ENERGY%
         2.25           0.23010E+00                  2.23

 STRAINS (IN CENTER OF GRAVITY) IN ELEMENT:     9
         EPSX                  EPSY               GAMMAXY                  EPSZ                  EPS1                  EPS2                 THETA
 -0.13664E-02           0.34160E-03          -0.26485E-03           0.34160E-03           0.38173E-03          -0.14065E-02                  1.65

 STRESSES(IN CENTER OF GRAVITY) IN ELEMENT:    9
         SIGX                  SIGY                 TAUXY                  SIGZ                  SIG1                  SIG2                 THETA
 -0.27328E+02          -0.12558E-05          -0.21188E+01           0.00000E+00           0.16329E+00          -0.27491E+02                  1.65

 ENERGY IN ELEMENT:    9
       VOLUME                ENERGY               ENERGY%
         2.25           0.17971E+00                  1.74

 STRAINS (IN CENTER OF GRAVITY) IN ELEMENT:    10
         EPSX                  EPSY               GAMMAXY                  EPSZ                  EPS1                  EPS2                 THETA
 -0.11842E-02           0.29605E-03          -0.26485E-03           0.29605E-03           0.34201E-03          -0.12302E-02                  1.66

 STRESSES(IN CENTER OF GRAVITY) IN ELEMENT:   10
         SIGX                  SIGY                 TAUXY                  SIGZ                  SIG1                  SIG2                 THETA
 -0.23684E+02          -0.55658E-05          -0.21188E+01           0.00000E+00           0.18804E+00          -0.23872E+02                  1.66

 ENERGY IN ELEMENT:   10
       VOLUME                ENERGY               ENERGY%
         2.25           0.13562E+00                  1.31

 STRAINS (IN CENTER OF GRAVITY) IN ELEMENT:    11
         EPSX                  EPSY               GAMMAXY                  EPSZ                  EPS1                  EPS2                 THETA
 -0.10020E-02           0.25051E-03          -0.26484E-03           0.25051E-03           0.30421E-03          -0.10557E-02                  1.67

 STRESSES(IN CENTER OF GRAVITY) IN ELEMENT:   11
         SIGX                  SIGY                 TAUXY                  SIGZ                  SIG1                  SIG2                 THETA
 -0.20041E+02           0.12482E-04          -0.21188E+01           0.00000E+00           0.22157E+00          -0.20262E+02                  1.67

 ENERGY IN ELEMENT:   11
       VOLUME                ENERGY               ENERGY%
         2.25           0.97822E-01                  0.95

 STRAINS (IN CENTER OF GRAVITY) IN ELEMENT:    12
         EPSX                  EPSY               GAMMAXY                  EPSZ                  EPS1                  EPS2                 THETA
 -0.81984E-03           0.20495E-03          -0.26484E-03           0.20496E-03           0.26934E-03          -0.88424E-03                  1.70

 STRESSES(IN CENTER OF GRAVITY) IN ELEMENT:   12
         SIGX                  SIGY                 TAUXY                  SIGZ                  SIG1                  SIG2                 THETA
 -0.16397E+02          -0.22773E-03          -0.21187E+01           0.00000E+00           0.26911E+00          -0.16666E+02                  1.70

 ENERGY IN ELEMENT:   12
       VOLUME                ENERGY               ENERGY%
         2.25           0.66327E-01                  0.64

 STRAINS (IN CENTER OF GRAVITY) IN ELEMENT:    13
         EPSX                  EPSY               GAMMAXY                  EPSZ                  EPS1                  EPS2                 THETA
 -0.63767E-03           0.15948E-03          -0.26484E-03           0.15940E-03           0.23944E-03          -0.71764E-03                  1.73

 STRESSES(IN CENTER OF GRAVITY) IN ELEMENT:   13
         SIGX                  SIGY                 TAUXY                  SIGZ                  SIG1                  SIG2                 THETA
 -0.12753E+02           0.12393E-02          -0.21187E+01           0.00000E+00           0.34399E+00          -0.13096E+02                  1.73

 ENERGY IN ELEMENT:   13
       VOLUME                ENERGY               ENERGY%
         2.25           0.41132E-01                  0.40

 STRAINS (IN CENTER OF GRAVITY) IN ELEMENT:    14
         EPSX                  EPSY               GAMMAXY                  EPSZ                  EPS1                  EPS2                 THETA
 -0.45549E-03           0.11392E-03          -0.26534E-03           0.11386E-03           0.21840E-03          -0.55996E-03                  1.79

 STRESSES(IN CENTER OF GRAVITY) IN ELEMENT:   14
         SIGX                  SIGY                 TAUXY                  SIGZ                  SIG1                  SIG2                 THETA
 -0.91095E+01           0.99488E-03          -0.21227E+01           0.00000E+00           0.47131E+00          -0.95798E+01                  1.79

 ENERGY IN ELEMENT:   14
       VOLUME                ENERGY               ENERGY%
         2.25           0.22239E-01                  0.22

 STRAINS (IN CENTER OF GRAVITY) IN ELEMENT:    15
         EPSX                  EPSY               GAMMAXY                  EPSZ                  EPS1                  EPS2                 THETA
 -0.27348E-03           0.70263E-04          -0.26797E-03           0.67740E-04           0.21674E-03          -0.41996E-03                  1.90

 STRESSES(IN CENTER OF GRAVITY) IN ELEMENT:   15
         SIGX                  SIGY                 TAUXY                  SIGZ                  SIG1                  SIG2                 THETA
 -0.54596E+01           0.40382E-01          -0.21437E+01           0.00000E+00           0.77724E+00          -0.61964E+01                  1.90

 ENERGY IN ELEMENT:   15
       VOLUME                ENERGY               ENERGY%
         2.25           0.96794E-02                  0.09

 STRAINS (IN CENTER OF GRAVITY) IN ELEMENT:    16
         EPSX                  EPSY               GAMMAXY                  EPSZ                  EPS1                  EPS2                 THETA
 -0.87702E-04           0.80507E-05          -0.26124E-03           0.26550E-04           0.22577E-03          -0.30542E-03                  2.18

 STRESSES(IN CENTER OF GRAVITY) IN ELEMENT:   16
         SIGX                  SIGY                 TAUXY                  SIGZ                  SIG1                  SIG2                 THETA
 -0.18280E+01          -0.29599E+00          -0.20900E+01           0.00000E+00           0.11639E+01          -0.32879E+01                  2.18

 ENERGY IN ELEMENT:   16
       VOLUME                ENERGY               ENERGY%
         2.25           0.32748E-02                  0.03

 STRAINS (IN CENTER OF GRAVITY) IN ELEMENT:    17
         EPSX                  EPSY               GAMMAXY                  EPSZ                  EPS1                  EPS2                 THETA
 -0.84891E-03           0.88365E-04          -0.29408E-03           0.25351E-03           0.17300E-03          -0.93354E-03                  1.72

 STRESSES(IN CENTER OF GRAVITY) IN ELEMENT:   17
         SIGX                  SIGY                 TAUXY                  SIGZ                  SIG1                  SIG2                 THETA
 -0.17639E+02          -0.26424E+01          -0.23527E+01           0.00000E+00          -0.22819E+01          -0.17999E+02                  1.72

 ENERGY IN ELEMENT:   17
       VOLUME                ENERGY               ENERGY%
         2.25           0.10150E+00                  0.98

 STRAINS (IN CENTER OF GRAVITY) IN ELEMENT:    18
         EPSX                  EPSY               GAMMAXY                  EPSZ                  EPS1                  EPS2                 THETA
 -0.89942E-03           0.20466E-03          -0.60437E-03           0.23159E-03           0.47116E-03          -0.11659E-02                  1.82

 STRESSES(IN CENTER OF GRAVITY) IN ELEMENT:   18
         SIGX                  SIGY                 TAUXY                  SIGZ                  SIG1                  SIG2                 THETA
 -0.18096E+02          -0.43087E+00          -0.48350E+01           0.00000E+00           0.80588E+00          -0.19333E+02                  1.82

 ENERGY IN ELEMENT:   18
       VOLUME                ENERGY               ENERGY%
         2.25           0.12162E+00                  1.18

 STRAINS (IN CENTER OF GRAVITY) IN ELEMENT:    19
         EPSX                  EPSY               GAMMAXY                  EPSZ                  EPS1                  EPS2                 THETA
 -0.82457E-03           0.21482E-03          -0.57925E-03           0.20325E-03           0.47333E-03          -0.10831E-02                  1.83

 STRESSES(IN CENTER OF GRAVITY) IN ELEMENT:   19
         SIGX                  SIGY                 TAUXY                  SIGZ                  SIG1                  SIG2                 THETA
 -0.16445E+02           0.18506E+00          -0.46340E+01           0.00000E+00           0.13891E+01          -0.17649E+02                  1.83

 ENERGY IN ELEMENT:   19
       VOLUME                ENERGY               ENERGY%
         2.25           0.10321E+00                  1.00

 STRAINS (IN CENTER OF GRAVITY) IN ELEMENT:    20
         EPSX                  EPSY               GAMMAXY                  EPSZ                  EPS1                  EPS2                 THETA
 -0.75927E-03           0.18976E-03          -0.56908E-03           0.18984E-03           0.45620E-03          -0.10257E-02                  1.84

 STRESSES(IN CENTER OF GRAVITY) IN ELEMENT:   20
         SIGX                  SIGY                 TAUXY                  SIGZ                  SIG1                  SIG2                 THETA
 -0.15186E+02          -0.12608E-02          -0.45526E+01           0.00000E+00           0.12591E+01          -0.16446E+02                  1.84

 ENERGY IN ELEMENT:   20
       VOLUME                ENERGY               ENERGY%
         2.25           0.88910E-01                  0.86

 STRAINS (IN CENTER OF GRAVITY) IN ELEMENT:    21
         EPSX                  EPSY               GAMMAXY                  EPSZ                  EPS1                  EPS2                 THETA
 -0.69831E-03           0.17469E-03          -0.56835E-03           0.17454E-03           0.45481E-03          -0.97844E-03                  1.86

 STRESSES(IN CENTER OF GRAVITY) IN ELEMENT:   21
         SIGX                  SIGY                 TAUXY                  SIGZ                  SIG1                  SIG2                 THETA
 -0.13966E+02           0.23310E-02          -0.45468E+01           0.00000E+00           0.13520E+01          -0.15315E+02                  1.86

 ENERGY IN ELEMENT:   21
       VOLUME                ENERGY               ENERGY%
         2.25           0.76975E-01                  0.74

 STRAINS (IN CENTER OF GRAVITY) IN ELEMENT:    22
         EPSX                  EPSY               GAMMAXY                  EPSZ                  EPS1                  EPS2                 THETA
 -0.63764E-03           0.15937E-03          -0.56846E-03           0.15942E-03           0.45509E-03          -0.93336E-03                  1.88

 STRESSES(IN CENTER OF GRAVITY) IN ELEMENT:   22
         SIGX                  SIGY                 TAUXY                  SIGZ                  SIG1                  SIG2                 THETA
 -0.12753E+02          -0.87120E-03          -0.45477E+01           0.00000E+00           0.14548E+01          -0.14209E+02                  1.88

 ENERGY IN ELEMENT:   22
       VOLUME                ENERGY               ENERGY%
         2.25           0.66118E-01                  0.64

 STRAINS (IN CENTER OF GRAVITY) IN ELEMENT:    23
         EPSX                  EPSY               GAMMAXY                  EPSZ                  EPS1                  EPS2                 THETA
 -0.57693E-03           0.14423E-03          -0.56849E-03           0.14423E-03           0.45686E-03          -0.88955E-03                  1.90

 STRESSES(IN CENTER OF GRAVITY) IN ELEMENT:   23
         SIGX                  SIGY                 TAUXY                  SIGZ                  SIG1                  SIG2                 THETA
 -0.11539E+02           0.61238E-04          -0.45479E+01           0.00000E+00           0.15771E+01          -0.13116E+02                  1.90

 ENERGY IN ELEMENT:   23
       VOLUME                ENERGY               ENERGY%
         2.25           0.56238E-01                  0.54

 STRAINS (IN CENTER OF GRAVITY) IN ELEMENT:    24
         EPSX                  EPSY               GAMMAXY                  EPSZ                  EPS1                  EPS2                 THETA
 -0.51620E-03           0.12905E-03          -0.56849E-03           0.12905E-03           0.46008E-03          -0.84723E-03                  1.93

 STRESSES(IN CENTER OF GRAVITY) IN ELEMENT:   24
         SIGX                  SIGY                 TAUXY                  SIGZ                  SIG1                  SIG2                 THETA
 -0.10324E+02          -0.15073E-04          -0.45479E+01           0.00000E+00           0.17177E+01          -0.12042E+02                  1.93

 ENERGY IN ELEMENT:   24
       VOLUME                ENERGY               ENERGY%
         2.25           0.47343E-01                  0.46

 STRAINS (IN CENTER OF GRAVITY) IN ELEMENT:    25
         EPSX                  EPSY               GAMMAXY                  EPSZ                  EPS1                  EPS2                 THETA
 -0.45547E-03           0.11387E-03          -0.56849E-03           0.11387E-03           0.46498E-03          -0.80658E-03                  1.96

 STRESSES(IN CENTER OF GRAVITY) IN ELEMENT:   25
         SIGX                  SIGY                 TAUXY                  SIGZ                  SIG1                  SIG2                 THETA
 -0.91094E+01           0.38277E-05          -0.45479E+01           0.00000E+00           0.18818E+01          -0.10991E+02                  1.96

 ENERGY IN ELEMENT:   25
       VOLUME                ENERGY               ENERGY%
         2.25           0.39436E-01                  0.38

 STRAINS (IN CENTER OF GRAVITY) IN ELEMENT:    26
         EPSX                  EPSY               GAMMAXY                  EPSZ                  EPS1                  EPS2                 THETA
 -0.39474E-03           0.98685E-04          -0.56849E-03           0.98685E-04           0.47169E-03          -0.76774E-03                  2.00

 STRESSES(IN CENTER OF GRAVITY) IN ELEMENT:   26
         SIGX                  SIGY                 TAUXY                  SIGZ                  SIG1                  SIG2                 THETA
 -0.78948E+01           0.38891E-05          -0.45479E+01           0.00000E+00           0.20747E+01          -0.99695E+01                  2.00

 ENERGY IN ELEMENT:   26
       VOLUME                ENERGY               ENERGY%
         2.25           0.32517E-01                  0.31

 STRAINS (IN CENTER OF GRAVITY) IN ELEMENT:    27
         EPSX                  EPSY               GAMMAXY                  EPSZ                  EPS1                  EPS2                 THETA
 -0.33401E-03           0.83500E-04          -0.56849E-03           0.83503E-04           0.48035E-03          -0.73086E-03                  2.04

 STRESSES(IN CENTER OF GRAVITY) IN ELEMENT:   27
         SIGX                  SIGY                 TAUXY                  SIGZ                  SIG1                  SIG2                 THETA
 -0.66802E+01          -0.46883E-04          -0.45479E+01           0.00000E+00           0.23026E+01          -0.89828E+01                  2.04

 ENERGY IN ELEMENT:   27
       VOLUME                ENERGY               ENERGY%
         2.25           0.26586E-01                  0.26

 STRAINS (IN CENTER OF GRAVITY) IN ELEMENT:    28
         EPSX                  EPSY               GAMMAXY                  EPSZ                  EPS1                  EPS2                 THETA
 -0.27328E-03           0.68322E-04          -0.56850E-03           0.68318E-04           0.49113E-03          -0.69608E-03                  2.09

 STRESSES(IN CENTER OF GRAVITY) IN ELEMENT:   28
         SIGX                  SIGY                 TAUXY                  SIGZ                  SIG1                  SIG2                 THETA
 -0.54655E+01           0.73672E-04          -0.45480E+01           0.00000E+00           0.25732E+01          -0.80386E+01                  2.09

 ENERGY IN ELEMENT:   28
       VOLUME                ENERGY               ENERGY%
         2.25           0.21645E-01                  0.21

 STRAINS (IN CENTER OF GRAVITY) IN ELEMENT:    29
         EPSX                  EPSY               GAMMAXY                  EPSZ                  EPS1                  EPS2                 THETA
 -0.21254E-03           0.53118E-04          -0.56850E-03           0.53142E-04           0.50409E-03          -0.66352E-03                  2.14

 STRESSES(IN CENTER OF GRAVITY) IN ELEMENT:   29
         SIGX                  SIGY                 TAUXY                  SIGZ                  SIG1                  SIG2                 THETA
 -0.42510E+01          -0.39078E-03          -0.45480E+01           0.00000E+00           0.28944E+01          -0.71457E+01                  2.14

 ENERGY IN ELEMENT:   29
       VOLUME                ENERGY               ENERGY%
         2.25           0.17691E-01                  0.17

 STRAINS (IN CENTER OF GRAVITY) IN ELEMENT:    30
         EPSX                  EPSY               GAMMAXY                  EPSZ                  EPS1                  EPS2                 THETA
 -0.15203E-03           0.38498E-04          -0.56800E-03           0.37843E-04           0.51916E-03          -0.63269E-03                  2.19

 STRESSES(IN CENTER OF GRAVITY) IN ELEMENT:   30
         SIGX                  SIGY                 TAUXY                  SIGZ                  SIG1                  SIG2                 THETA
 -0.30379E+01           0.10483E-01          -0.45440E+01           0.00000E+00           0.32791E+01          -0.63065E+01                  2.19

 ENERGY IN ELEMENT:   30
       VOLUME                ENERGY               ENERGY%
         2.25           0.14713E-01                  0.14

 STRAINS (IN CENTER OF GRAVITY) IN ELEMENT:    31
         EPSX                  EPSY               GAMMAXY                  EPSZ                  EPS1                  EPS2                 THETA
 -0.92554E-04           0.22896E-04          -0.56537E-03           0.23219E-04           0.53348E-03          -0.60314E-03                  2.26

 STRESSES(IN CENTER OF GRAVITY) IN ELEMENT:   31
         SIGX                  SIGY                 TAUXY                  SIGZ                  SIG1                  SIG2                 THETA
 -0.18524E+01          -0.51710E-02          -0.45230E+01           0.00000E+00           0.36875E+01          -0.55451E+01                  2.26

 ENERGY IN ELEMENT:   31
       VOLUME                ENERGY               ENERGY%
         2.25           0.12658E-01                  0.12

 STRAINS (IN CENTER OF GRAVITY) IN ELEMENT:    32
         EPSX                  EPSY               GAMMAXY                  EPSZ                  EPS1                  EPS2                 THETA
 -0.30457E-04           0.50365E-05          -0.57209E-03           0.84734E-05           0.55966E-03          -0.58508E-03                  2.33

 STRESSES(IN CENTER OF GRAVITY) IN ELEMENT:   32
         SIGX                  SIGY                 TAUXY                  SIGZ                  SIG1                  SIG2                 THETA
 -0.62288E+00          -0.54991E-01          -0.45767E+01           0.00000E+00           0.42466E+01          -0.49245E+01                  2.33

 ENERGY IN ELEMENT:   32
       VOLUME                ENERGY               ENERGY%
         2.25           0.11911E-01                  0.12

 STRAINS (IN CENTER OF GRAVITY) IN ELEMENT:    33
         EPSX                  EPSY               GAMMAXY                  EPSZ                  EPS1                  EPS2                 THETA
  0.84891E-03          -0.88365E-04          -0.29408E-03          -0.25351E-03           0.93354E-03          -0.17300E-03                  2.99

 STRESSES(IN CENTER OF GRAVITY) IN ELEMENT:   33
         SIGX                  SIGY                 TAUXY                  SIGZ                  SIG1                  SIG2                 THETA
  0.17639E+02           0.26424E+01          -0.23527E+01           0.00000E+00           0.17999E+02           0.22819E+01                  2.99

 ENERGY IN ELEMENT:   33
       VOLUME                ENERGY               ENERGY%
         2.25           0.10150E+00                  0.98

 STRAINS (IN CENTER OF GRAVITY) IN ELEMENT:    34
         EPSX                  EPSY               GAMMAXY                  EPSZ                  EPS1                  EPS2                 THETA
  0.89942E-03          -0.20466E-03          -0.60437E-03          -0.23159E-03           0.11659E-02          -0.47116E-03                  2.89

 STRESSES(IN CENTER OF GRAVITY) IN ELEMENT:   34
         SIGX                  SIGY                 TAUXY                  SIGZ                  SIG1                  SIG2                 THETA
  0.18096E+02           0.43087E+00          -0.48350E+01           0.00000E+00           0.19333E+02          -0.80588E+00                  2.89

 ENERGY IN ELEMENT:   34
       VOLUME                ENERGY               ENERGY%
         2.25           0.12162E+00                  1.18

 STRAINS (IN CENTER OF GRAVITY) IN ELEMENT:    35
         EPSX                  EPSY               GAMMAXY                  EPSZ                  EPS1                  EPS2                 THETA
  0.82457E-03          -0.21482E-03          -0.57925E-03          -0.20325E-03           0.10831E-02          -0.47333E-03                  2.89

 STRESSES(IN CENTER OF GRAVITY) IN ELEMENT:   35
         SIGX                  SIGY                 TAUXY                  SIGZ                  SIG1                  SIG2                 THETA
  0.16445E+02          -0.18506E+00          -0.46340E+01           0.00000E+00           0.17649E+02          -0.13891E+01                  2.89

 ENERGY IN ELEMENT:   35
       VOLUME                ENERGY               ENERGY%
         2.25           0.10321E+00                  1.00

 STRAINS (IN CENTER OF GRAVITY) IN ELEMENT:    36
         EPSX                  EPSY               GAMMAXY                  EPSZ                  EPS1                  EPS2                 THETA
  0.75927E-03          -0.18976E-03          -0.56908E-03          -0.18984E-03           0.10257E-02          -0.45620E-03                  2.87

 STRESSES(IN CENTER OF GRAVITY) IN ELEMENT:   36
         SIGX                  SIGY                 TAUXY                  SIGZ                  SIG1                  SIG2                 THETA
  0.15186E+02           0.12608E-02          -0.45526E+01           0.00000E+00           0.16446E+02          -0.12591E+01                  2.87

 ENERGY IN ELEMENT:   36
       VOLUME                ENERGY               ENERGY%
         2.25           0.88910E-01                  0.86

 STRAINS (IN CENTER OF GRAVITY) IN ELEMENT:    37
         EPSX                  EPSY               GAMMAXY                  EPSZ                  EPS1                  EPS2                 THETA
  0.69831E-03          -0.17469E-03          -0.56835E-03          -0.17454E-03           0.97844E-03          -0.45481E-03                  2.85

 STRESSES(IN CENTER OF GRAVITY) IN ELEMENT:   37
         SIGX                  SIGY                 TAUXY                  SIGZ                  SIG1                  SIG2                 THETA
  0.13966E+02          -0.23310E-02          -0.45468E+01           0.00000E+00           0.15315E+02          -0.13520E+01                  2.85

 ENERGY IN ELEMENT:   37
       VOLUME                ENERGY               ENERGY%
         2.25           0.76975E-01                  0.74

 STRAINS (IN CENTER OF GRAVITY) IN ELEMENT:    38
         EPSX                  EPSY               GAMMAXY                  EPSZ                  EPS1                  EPS2                 THETA
  0.63764E-03          -0.15937E-03          -0.56846E-03          -0.15942E-03           0.93336E-03          -0.45509E-03                  2.83

 STRESSES(IN CENTER OF GRAVITY) IN ELEMENT:   38
         SIGX                  SIGY                 TAUXY                  SIGZ                  SIG1                  SIG2                 THETA
  0.12753E+02           0.87120E-03          -0.45477E+01           0.00000E+00           0.14209E+02          -0.14548E+01                  2.83

 ENERGY IN ELEMENT:   38
       VOLUME                ENERGY               ENERGY%
         2.25           0.66118E-01                  0.64

 STRAINS (IN CENTER OF GRAVITY) IN ELEMENT:    39
         EPSX                  EPSY               GAMMAXY                  EPSZ                  EPS1                  EPS2                 THETA
  0.57693E-03          -0.14423E-03          -0.56849E-03          -0.14423E-03           0.88955E-03          -0.45686E-03                  2.81

 STRESSES(IN CENTER OF GRAVITY) IN ELEMENT:   39
         SIGX                  SIGY                 TAUXY                  SIGZ                  SIG1                  SIG2                 THETA
  0.11539E+02          -0.61238E-04          -0.45479E+01           0.00000E+00           0.13116E+02          -0.15771E+01                  2.81

 ENERGY IN ELEMENT:   39
       VOLUME                ENERGY               ENERGY%
         2.25           0.56238E-01                  0.54

 STRAINS (IN CENTER OF GRAVITY) IN ELEMENT:    40
         EPSX                  EPSY               GAMMAXY                  EPSZ                  EPS1                  EPS2                 THETA
  0.51620E-03          -0.12905E-03          -0.56849E-03          -0.12905E-03           0.84723E-03          -0.46008E-03                  2.78

 STRESSES(IN CENTER OF GRAVITY) IN ELEMENT:   40
         SIGX                  SIGY                 TAUXY                  SIGZ                  SIG1                  SIG2                 THETA
  0.10324E+02           0.15073E-04          -0.45479E+01           0.00000E+00           0.12042E+02          -0.17177E+01                  2.78

 ENERGY IN ELEMENT:   40
       VOLUME                ENERGY               ENERGY%
         2.25           0.47343E-01                  0.46

 STRAINS (IN CENTER OF GRAVITY) IN ELEMENT:    41
         EPSX                  EPSY               GAMMAXY                  EPSZ                  EPS1                  EPS2                 THETA
  0.45547E-03          -0.11387E-03          -0.56849E-03          -0.11387E-03           0.80658E-03          -0.46498E-03                  2.75

 STRESSES(IN CENTER OF GRAVITY) IN ELEMENT:   41
         SIGX                  SIGY                 TAUXY                  SIGZ                  SIG1                  SIG2                 THETA
  0.91094E+01          -0.38277E-05          -0.45479E+01           0.00000E+00           0.10991E+02          -0.18818E+01                  2.75

 ENERGY IN ELEMENT:   41
       VOLUME                ENERGY               ENERGY%
         2.25           0.39436E-01                  0.38

 STRAINS (IN CENTER OF GRAVITY) IN ELEMENT:    42
         EPSX                  EPSY               GAMMAXY                  EPSZ                  EPS1                  EPS2                 THETA
  0.39474E-03          -0.98685E-04          -0.56849E-03          -0.98685E-04           0.76774E-03          -0.47169E-03                  2.71

 STRESSES(IN CENTER OF GRAVITY) IN ELEMENT:   42
         SIGX                  SIGY                 TAUXY                  SIGZ                  SIG1                  SIG2                 THETA
  0.78948E+01          -0.38891E-05          -0.45479E+01           0.00000E+00           0.99695E+01          -0.20747E+01                  2.71

 ENERGY IN ELEMENT:   42
       VOLUME                ENERGY               ENERGY%
         2.25           0.32517E-01                  0.31

 STRAINS (IN CENTER OF GRAVITY) IN ELEMENT:    43
         EPSX                  EPSY               GAMMAXY                  EPSZ                  EPS1                  EPS2                 THETA
  0.33401E-03          -0.83500E-04          -0.56849E-03          -0.83503E-04           0.73086E-03          -0.48035E-03                  2.67

 STRESSES(IN CENTER OF GRAVITY) IN ELEMENT:   43
         SIGX                  SIGY                 TAUXY                  SIGZ                  SIG1                  SIG2                 THETA
  0.66802E+01           0.46883E-04          -0.45479E+01           0.00000E+00           0.89828E+01          -0.23026E+01                  2.67

 ENERGY IN ELEMENT:   43
       VOLUME                ENERGY               ENERGY%
         2.25           0.26586E-01                  0.26

 STRAINS (IN CENTER OF GRAVITY) IN ELEMENT:    44
         EPSX                  EPSY               GAMMAXY                  EPSZ                  EPS1                  EPS2                 THETA
  0.27328E-03          -0.68322E-04          -0.56850E-03          -0.68318E-04           0.69608E-03          -0.49113E-03                  2.63

 STRESSES(IN CENTER OF GRAVITY) IN ELEMENT:   44
         SIGX                  SIGY                 TAUXY                  SIGZ                  SIG1                  SIG2                 THETA
  0.54655E+01          -0.73672E-04          -0.45480E+01           0.00000E+00           0.80386E+01          -0.25732E+01                  2.63

 ENERGY IN ELEMENT:   44
       VOLUME                ENERGY               ENERGY%
         2.25           0.21645E-01                  0.21

 STRAINS (IN CENTER OF GRAVITY) IN ELEMENT:    45
         EPSX                  EPSY               GAMMAXY                  EPSZ                  EPS1                  EPS2                 THETA
  0.21254E-03          -0.53118E-04          -0.56850E-03          -0.53142E-04           0.66352E-03          -0.50409E-03                  2.57

 STRESSES(IN CENTER OF GRAVITY) IN ELEMENT:   45
         SIGX                  SIGY                 TAUXY                  SIGZ                  SIG1                  SIG2                 THETA
  0.42510E+01           0.39078E-03          -0.45480E+01           0.00000E+00           0.71457E+01          -0.28944E+01                  2.57

 ENERGY IN ELEMENT:   45
       VOLUME                ENERGY               ENERGY%
         2.25           0.17691E-01                  0.17

 STRAINS (IN CENTER OF GRAVITY) IN ELEMENT:    46
         EPSX                  EPSY               GAMMAXY                  EPSZ                  EPS1                  EPS2                 THETA
  0.15203E-03          -0.38498E-04          -0.56800E-03          -0.37843E-04           0.63269E-03          -0.51916E-03                  2.52

 STRESSES(IN CENTER OF GRAVITY) IN ELEMENT:   46
         SIGX                  SIGY                 TAUXY                  SIGZ                  SIG1                  SIG2                 THETA
  0.30379E+01          -0.10483E-01          -0.45440E+01           0.00000E+00           0.63065E+01          -0.32791E+01                  2.52

 ENERGY IN ELEMENT:   46
       VOLUME                ENERGY               ENERGY%
         2.25           0.14713E-01                  0.14

 STRAINS (IN CENTER OF GRAVITY) IN ELEMENT:    47
         EPSX                  EPSY               GAMMAXY                  EPSZ                  EPS1                  EPS2                 THETA
  0.92554E-04          -0.22896E-04          -0.56537E-03          -0.23219E-04           0.60314E-03          -0.53348E-03                  2.46

 STRESSES(IN CENTER OF GRAVITY) IN ELEMENT:   47
         SIGX                  SIGY                 TAUXY                  SIGZ                  SIG1                  SIG2                 THETA
  0.18524E+01           0.51710E-02          -0.45230E+01           0.00000E+00           0.55451E+01          -0.36875E+01                  2.46

 ENERGY IN ELEMENT:   47
       VOLUME                ENERGY               ENERGY%
         2.25           0.12658E-01                  0.12

 STRAINS (IN CENTER OF GRAVITY) IN ELEMENT:    48
         EPSX                  EPSY               GAMMAXY                  EPSZ                  EPS1                  EPS2                 THETA
  0.30457E-04          -0.50365E-05          -0.57209E-03          -0.84734E-05           0.58508E-03          -0.55966E-03                  2.39

 STRESSES(IN CENTER OF GRAVITY) IN ELEMENT:   48
         SIGX                  SIGY                 TAUXY                  SIGZ                  SIG1                  SIG2                 THETA
  0.62288E+00           0.54991E-01          -0.45767E+01           0.00000E+00           0.49245E+01          -0.42466E+01                  2.39

 ENERGY IN ELEMENT:   48
       VOLUME                ENERGY               ENERGY%
         2.25           0.11911E-01                  0.12

 STRAINS (IN CENTER OF GRAVITY) IN ELEMENT:    49
         EPSX                  EPSY               GAMMAXY                  EPSZ                  EPS1                  EPS2                 THETA
  0.27535E-02          -0.36358E-03          -0.53925E-03          -0.79664E-03           0.28441E-02          -0.45424E-03                  3.06

 STRESSES(IN CENTER OF GRAVITY) IN ELEMENT:   49
         SIGX                  SIGY                 TAUXY                  SIGZ                  SIG1                  SIG2                 THETA
  0.56802E+02           0.69288E+01          -0.43140E+01           0.00000E+00           0.57173E+02           0.65584E+01                  3.06

 ENERGY IN ELEMENT:   49
       VOLUME                ENERGY               ENERGY%
         2.25           0.75780E+00                  7.33

 STRAINS (IN CENTER OF GRAVITY) IN ELEMENT:    50
         EPSX                  EPSY               GAMMAXY                  EPSZ                  EPS1                  EPS2                 THETA
  0.26422E-02          -0.68131E-03          -0.22897E-03          -0.65362E-03           0.26579E-02          -0.69701E-03                  3.11

 STRESSES(IN CENTER OF GRAVITY) IN ELEMENT:   50
         SIGX                  SIGY                 TAUXY                  SIGZ                  SIG1                  SIG2                 THETA
  0.52733E+02          -0.44310E+00          -0.18317E+01           0.00000E+00           0.52796E+02          -0.50612E+00                  3.11

 ENERGY IN ELEMENT:   50
       VOLUME                ENERGY               ENERGY%
         2.25           0.66161E+00                  6.40

 STRAINS (IN CENTER OF GRAVITY) IN ELEMENT:    51
         EPSX                  EPSY               GAMMAXY                  EPSZ                  EPS1                  EPS2                 THETA
  0.24596E-02          -0.61536E-03          -0.25409E-03          -0.61475E-03           0.24805E-02          -0.63621E-03                  3.10

 STRESSES(IN CENTER OF GRAVITY) IN ELEMENT:   51
         SIGX                  SIGY                 TAUXY                  SIGZ                  SIG1                  SIG2                 THETA
  0.49190E+02          -0.97493E-02          -0.20327E+01           0.00000E+00           0.49273E+02          -0.93590E-01                  3.10

 ENERGY IN ELEMENT:   51
       VOLUME                ENERGY               ENERGY%
         2.25           0.57571E+00                  5.57

 STRAINS (IN CENTER OF GRAVITY) IN ELEMENT:    52
         EPSX                  EPSY               GAMMAXY                  EPSZ                  EPS1                  EPS2                 THETA
  0.22776E-02          -0.57073E-03          -0.26426E-03          -0.56896E-03           0.23019E-02          -0.59504E-03                  3.10

 STRESSES(IN CENTER OF GRAVITY) IN ELEMENT:   52
         SIGX                  SIGY                 TAUXY                  SIGZ                  SIG1                  SIG2                 THETA
  0.45545E+02          -0.28292E-01          -0.21141E+01           0.00000E+00           0.45643E+02          -0.12615E+00                  3.10

 ENERGY IN ELEMENT:   52
       VOLUME                ENERGY               ENERGY%
         2.25           0.49477E+00                  4.78

 STRAINS (IN CENTER OF GRAVITY) IN ELEMENT:    53
         EPSX                  EPSY               GAMMAXY                  EPSZ                  EPS1                  EPS2                 THETA
  0.20951E-02          -0.52363E-03          -0.26499E-03          -0.52384E-03           0.21217E-02          -0.55017E-03                  3.09

 STRESSES(IN CENTER OF GRAVITY) IN ELEMENT:   53
         SIGX                  SIGY                 TAUXY                  SIGZ                  SIG1                  SIG2                 THETA
  0.41904E+02           0.33351E-02          -0.21199E+01           0.00000E+00           0.42011E+02          -0.10365E+00                  3.09

 ENERGY IN ELEMENT:   53
       VOLUME                ENERGY               ENERGY%
         2.25           0.41908E+00                  4.05

 STRAINS (IN CENTER OF GRAVITY) IN ELEMENT:    54
         EPSX                  EPSY               GAMMAXY                  EPSZ                  EPS1                  EPS2                 THETA
  0.19130E-02          -0.47825E-03          -0.26488E-03          -0.47824E-03           0.19420E-02          -0.50724E-03                  3.09

 STRESSES(IN CENTER OF GRAVITY) IN ELEMENT:   54
         SIGX                  SIGY                 TAUXY                  SIGZ                  SIG1                  SIG2                 THETA
  0.38259E+02          -0.23391E-03          -0.21190E+01           0.00000E+00           0.38376E+02          -0.11724E+00                  3.09

 ENERGY IN ELEMENT:   54
       VOLUME                ENERGY               ENERGY%
         2.25           0.34979E+00                  3.38

 STRAINS (IN CENTER OF GRAVITY) IN ELEMENT:    55
         EPSX                  EPSY               GAMMAXY                  EPSZ                  EPS1                  EPS2                 THETA
  0.17308E-02          -0.43269E-03          -0.26485E-03          -0.43270E-03           0.17627E-02          -0.46464E-03                  3.08

 STRESSES(IN CENTER OF GRAVITY) IN ELEMENT:   55
         SIGX                  SIGY                 TAUXY                  SIGZ                  SIG1                  SIG2                 THETA
  0.34616E+02           0.13551E-03          -0.21188E+01           0.00000E+00           0.34745E+02          -0.12907E+00                  3.08

 ENERGY IN ELEMENT:   55
       VOLUME                ENERGY               ENERGY%
         2.25           0.28680E+00                  2.77

 STRAINS (IN CENTER OF GRAVITY) IN ELEMENT:    56
         EPSX                  EPSY               GAMMAXY                  EPSZ                  EPS1                  EPS2                 THETA
  0.15486E-02          -0.38715E-03          -0.26485E-03          -0.38715E-03           0.15842E-02          -0.42273E-03                  3.07

 STRESSES(IN CENTER OF GRAVITY) IN ELEMENT:   56
         SIGX                  SIGY                 TAUXY                  SIGZ                  SIG1                  SIG2                 THETA
  0.30972E+02          -0.21483E-04          -0.21188E+01           0.00000E+00           0.31116E+02          -0.14429E+00                  3.07

 ENERGY IN ELEMENT:   56
       VOLUME                ENERGY               ENERGY%
         2.25           0.23010E+00                  2.23

 STRAINS (IN CENTER OF GRAVITY) IN ELEMENT:    57
         EPSX                  EPSY               GAMMAXY                  EPSZ                  EPS1                  EPS2                 THETA
  0.13664E-02          -0.34160E-03          -0.26485E-03          -0.34160E-03           0.14065E-02          -0.38173E-03                  3.06

 STRESSES(IN CENTER OF GRAVITY) IN ELEMENT:   57
         SIGX                  SIGY                 TAUXY                  SIGZ                  SIG1                  SIG2                 THETA
  0.27328E+02           0.12558E-05          -0.21188E+01           0.00000E+00           0.27491E+02          -0.16329E+00                  3.06

 ENERGY IN ELEMENT:   57
       VOLUME                ENERGY               ENERGY%
         2.25           0.17971E+00                  1.74

 STRAINS (IN CENTER OF GRAVITY) IN ELEMENT:    58
         EPSX                  EPSY               GAMMAXY                  EPSZ                  EPS1                  EPS2                 THETA
  0.11842E-02          -0.29605E-03          -0.26485E-03          -0.29605E-03           0.12302E-02          -0.34201E-03                  3.05

 STRESSES(IN CENTER OF GRAVITY) IN ELEMENT:   58
         SIGX                  SIGY                 TAUXY                  SIGZ                  SIG1                  SIG2                 THETA
  0.23684E+02           0.55658E-05          -0.21188E+01           0.00000E+00           0.23872E+02          -0.18804E+00                  3.05

 ENERGY IN ELEMENT:   58
       VOLUME                ENERGY               ENERGY%
         2.25           0.13562E+00                  1.31

 STRAINS (IN CENTER OF GRAVITY) IN ELEMENT:    59
         EPSX                  EPSY               GAMMAXY                  EPSZ                  EPS1                  EPS2                 THETA
  0.10020E-02          -0.25051E-03          -0.26484E-03          -0.25051E-03           0.10557E-02          -0.30421E-03                  3.04

 STRESSES(IN CENTER OF GRAVITY) IN ELEMENT:   59
         SIGX                  SIGY                 TAUXY                  SIGZ                  SIG1                  SIG2                 THETA
  0.20041E+02          -0.12482E-04          -0.21188E+01           0.00000E+00           0.20262E+02          -0.22157E+00                  3.04

 ENERGY IN ELEMENT:   59
       VOLUME                ENERGY               ENERGY%
         2.25           0.97822E-01                  0.95

 STRAINS (IN CENTER OF GRAVITY) IN ELEMENT:    60
         EPSX                  EPSY               GAMMAXY                  EPSZ                  EPS1                  EPS2                 THETA
  0.81984E-03          -0.20495E-03          -0.26484E-03          -0.20496E-03           0.88424E-03          -0.26934E-03                  3.02

 STRESSES(IN CENTER OF GRAVITY) IN ELEMENT:   60
         SIGX                  SIGY                 TAUXY                  SIGZ                  SIG1                  SIG2                 THETA
  0.16397E+02           0.22773E-03          -0.21187E+01           0.00000E+00           0.16666E+02          -0.26911E+00                  3.02

 ENERGY IN ELEMENT:   60
       VOLUME                ENERGY               ENERGY%
         2.25           0.66327E-01                  0.64

 STRAINS (IN CENTER OF GRAVITY) IN ELEMENT:    61
         EPSX                  EPSY               GAMMAXY                  EPSZ                  EPS1                  EPS2                 THETA
  0.63767E-03          -0.15948E-03          -0.26484E-03          -0.15940E-03           0.71764E-03          -0.23944E-03                  2.98

 STRESSES(IN CENTER OF GRAVITY) IN ELEMENT:   61
         SIGX                  SIGY                 TAUXY                  SIGZ                  SIG1                  SIG2                 THETA
  0.12753E+02          -0.12393E-02          -0.21187E+01           0.00000E+00           0.13096E+02          -0.34399E+00                  2.98

 ENERGY IN ELEMENT:   61
       VOLUME                ENERGY               ENERGY%
         2.25           0.41132E-01                  0.40

 STRAINS (IN CENTER OF GRAVITY) IN ELEMENT:    62
         EPSX                  EPSY               GAMMAXY                  EPSZ                  EPS1                  EPS2                 THETA
  0.45549E-03          -0.11392E-03          -0.26534E-03          -0.11386E-03           0.55996E-03          -0.21840E-03                  2.92

 STRESSES(IN CENTER OF GRAVITY) IN ELEMENT:   62
         SIGX                  SIGY                 TAUXY                  SIGZ                  SIG1                  SIG2                 THETA
  0.91095E+01          -0.99488E-03          -0.21227E+01           0.00000E+00           0.95798E+01          -0.47131E+00                  2.92

 ENERGY IN ELEMENT:   62
       VOLUME                ENERGY               ENERGY%
         2.25           0.22239E-01                  0.22

 STRAINS (IN CENTER OF GRAVITY) IN ELEMENT:    63
         EPSX                  EPSY               GAMMAXY                  EPSZ                  EPS1                  EPS2                 THETA
  0.27348E-03          -0.70263E-04          -0.26797E-03          -0.67740E-04           0.41996E-03          -0.21674E-03                  2.81

 STRESSES(IN CENTER OF GRAVITY) IN ELEMENT:   63
         SIGX                  SIGY                 TAUXY                  SIGZ                  SIG1                  SIG2                 THETA
  0.54596E+01          -0.40382E-01          -0.21437E+01           0.00000E+00           0.61964E+01          -0.77724E+00                  2.81

 ENERGY IN ELEMENT:   63
       VOLUME                ENERGY               ENERGY%
         2.25           0.96794E-02                  0.09

 STRAINS (IN CENTER OF GRAVITY) IN ELEMENT:    64
         EPSX                  EPSY               GAMMAXY                  EPSZ                  EPS1                  EPS2                 THETA
  0.87702E-04          -0.80507E-05          -0.26124E-03          -0.26550E-04           0.30542E-03          -0.22577E-03                  2.53

 STRESSES(IN CENTER OF GRAVITY) IN ELEMENT:   64
         SIGX                  SIGY                 TAUXY                  SIGZ                  SIG1                  SIG2                 THETA
  0.18280E+01           0.29599E+00          -0.20900E+01           0.00000E+00           0.32879E+01          -0.11639E+01                  2.53

 ENERGY IN ELEMENT:   64
       VOLUME                ENERGY               ENERGY%
         2.25           0.32748E-02                  0.03

 MEAN OF NODAL DEFORMATION
         NODE                  EPSX                  EPSY               GAMMAXY
            1          -0.38092E-02           0.00000E+00          -0.19585E-02
            2          -0.16978E-02           0.00000E+00          -0.12314E-02
            3           0.26382E-16           0.00000E+00          -0.10546E-02
            4           0.16978E-02           0.00000E+00          -0.12314E-02
            5           0.38092E-02           0.00000E+00          -0.19585E-02
            6          -0.36473E-02           0.72717E-03          -0.43680E-03
            7          -0.17483E-02           0.45195E-03          -0.32585E-03
            8           0.27177E-16          -0.39031E-17          -0.41634E-03
            9           0.17483E-02          -0.45195E-03          -0.32585E-03
           10           0.36473E-02          -0.72717E-03          -0.43680E-03
           11          -0.33778E-02           0.63546E-03          -0.19212E-03
           12          -0.17240E-02           0.43402E-03          -0.40877E-03
           13           0.27575E-16          -0.65052E-17          -0.54930E-03
           14           0.17240E-02          -0.43402E-03          -0.40877E-03
           15           0.33778E-02          -0.63546E-03          -0.19212E-03
           16          -0.31534E-02           0.59526E-03          -0.21117E-03
           17          -0.15838E-02           0.39615E-03          -0.39239E-03
           18           0.26888E-16          -0.52042E-17          -0.55404E-03
           19           0.15838E-02          -0.39615E-03          -0.39239E-03
           20           0.31534E-02          -0.59526E-03          -0.21117E-03
           21          -0.29152E-02           0.54620E-03          -0.21079E-03
           22          -0.14576E-02           0.36433E-03          -0.39430E-03
           23           0.25732E-16          -0.69389E-17          -0.54577E-03
           24           0.14576E-02          -0.36433E-03          -0.39430E-03
           25           0.29152E-02          -0.54620E-03          -0.21079E-03
           26          -0.26721E-02           0.50105E-03          -0.21184E-03
           27          -0.13360E-02           0.33398E-03          -0.39381E-03
           28           0.25153E-16          -0.69389E-17          -0.54573E-03
           29           0.13360E-02          -0.33398E-03          -0.39381E-03
           30           0.26721E-02          -0.50105E-03          -0.21184E-03
           31          -0.24292E-02           0.45545E-03          -0.21170E-03
           32          -0.12146E-02           0.30364E-03          -0.39391E-03
           33           0.21973E-16          -0.10408E-16          -0.54568E-03
           34           0.12146E-02          -0.30364E-03          -0.39391E-03
           35           0.24292E-02          -0.45545E-03          -0.21170E-03
           36          -0.21862E-02           0.40992E-03          -0.21171E-03
           37          -0.10931E-02           0.27328E-03          -0.39389E-03
           38           0.19082E-16           0.00000E+00          -0.54572E-03
           39           0.10931E-02          -0.27328E-03          -0.39389E-03
           40           0.21862E-02          -0.40992E-03          -0.21171E-03
           41          -0.19433E-02           0.36437E-03          -0.21171E-03
           42          -0.97167E-03           0.24292E-03          -0.39390E-03
           43           0.24864E-16          -0.13878E-16          -0.54572E-03
           44           0.97167E-03          -0.24292E-03          -0.39390E-03
           45           0.19433E-02          -0.36437E-03          -0.21171E-03
           46          -0.17004E-02           0.31883E-03          -0.21171E-03
           47          -0.85021E-03           0.21255E-03          -0.39390E-03
           48           0.26599E-16          -0.41633E-16          -0.54572E-03
           49           0.85021E-03          -0.21255E-03          -0.39390E-03
           50           0.17004E-02          -0.31883E-03          -0.21171E-03
           51          -0.14575E-02           0.27328E-03          -0.21171E-03
           52          -0.72875E-03           0.18219E-03          -0.39389E-03
           53           0.17347E-16           0.00000E+00          -0.54572E-03
           54           0.72875E-03          -0.18219E-03          -0.39389E-03
           55           0.14575E-02          -0.27328E-03          -0.21171E-03
           56          -0.12146E-02           0.22774E-03          -0.21170E-03
           57          -0.60729E-03           0.15182E-03          -0.39390E-03
           58           0.92519E-17          -0.69389E-17          -0.54572E-03
           59           0.60729E-03          -0.15182E-03          -0.39390E-03
           60           0.12146E-02          -0.22774E-03          -0.21170E-03
           61          -0.97169E-03           0.18216E-03          -0.21175E-03
           62          -0.48582E-03           0.12145E-03          -0.39388E-03
           63           0.69389E-17           0.13878E-16          -0.54574E-03
           64           0.48582E-03          -0.12145E-03          -0.39388E-03
           65           0.97169E-03          -0.18216E-03          -0.21175E-03
           66          -0.72858E-03           0.13679E-03          -0.21174E-03
           67          -0.36457E-03           0.91142E-04          -0.39399E-03
           68           0.46259E-17           0.27756E-16          -0.54530E-03
           69           0.36457E-03          -0.91142E-04          -0.39399E-03
           70           0.72858E-03          -0.13679E-03          -0.21174E-03
           71          -0.48439E-03           0.91049E-04          -0.21330E-03
           72          -0.24458E-03           0.61274E-04          -0.39305E-03
           73          -0.34694E-17           0.55511E-16          -0.54475E-03
           74           0.24458E-03          -0.61274E-04          -0.39305E-03
           75           0.48439E-03          -0.91049E-04          -0.21330E-03
           76          -0.23817E-03           0.49478E-04          -0.20271E-03
           77          -0.12301E-03           0.31885E-04          -0.39684E-03
           78          -0.10987E-16           0.41633E-16          -0.54661E-03
           79           0.12301E-03          -0.31885E-04          -0.39684E-03
           80           0.23817E-03          -0.49478E-04          -0.20271E-03
           81          -0.11449E-03          -0.33376E-04          -0.19303E-03
           82          -0.60913E-04          -0.18798E-04          -0.40413E-03
           83          -0.12721E-16           0.41633E-16          -0.55089E-03
           84           0.60913E-04           0.18798E-04          -0.40413E-03
           85           0.11449E-03           0.33376E-04          -0.19303E-03

 MEAN OF NODAL STRESSES
         NODE                  SIGX                  SIGY                 TAUXY
            1          -0.81263E+02          -0.20316E+02          -0.15668E+02
            2          -0.36220E+02          -0.90550E+01          -0.98508E+01
            3           0.56282E-12           0.14071E-12          -0.84370E+01
            4           0.36220E+02           0.90550E+01          -0.98508E+01
            5           0.81263E+02           0.20316E+02          -0.15668E+02
            6          -0.73932E+02          -0.39395E+01          -0.34944E+01
            7          -0.34887E+02           0.31721E+00          -0.26068E+01
            8           0.55894E-12           0.61839E-13          -0.33307E+01
            9           0.34887E+02          -0.31721E+00          -0.26068E+01
           10           0.73932E+02           0.39395E+01          -0.34944E+01
           11          -0.68670E+02          -0.44585E+01          -0.15369E+01
           12          -0.34464E+02           0.64512E-01          -0.32701E+01
           13           0.55350E-12           0.77716E-14          -0.43944E+01
           14           0.34464E+02          -0.64512E-01          -0.32701E+01
           15           0.68670E+02           0.44585E+01          -0.15369E+01
           16          -0.64097E+02          -0.41192E+01          -0.16893E+01
           17          -0.31676E+02           0.41516E-02          -0.31391E+01
           18           0.54595E-12           0.32641E-13          -0.44323E+01
           19           0.31676E+02          -0.41516E-02          -0.31391E+01
           20           0.64097E+02           0.41192E+01          -0.16893E+01
           21          -0.59277E+02          -0.38953E+01          -0.16863E+01
           22          -0.29152E+02          -0.13049E-02          -0.31544E+01
           23           0.51190E-12          -0.10880E-13          -0.43662E+01
           24           0.29152E+02           0.13049E-02          -0.31544E+01
           25           0.59277E+02           0.38953E+01          -0.16863E+01
           26          -0.54334E+02          -0.35623E+01          -0.16947E+01
           27          -0.26719E+02          -0.17013E-03          -0.31505E+01
           28           0.49957E-12          -0.13656E-13          -0.43658E+01
           29           0.26719E+02           0.17013E-03          -0.31505E+01
           30           0.54334E+02           0.35623E+01          -0.16947E+01
           31          -0.49393E+02          -0.32393E+01          -0.16936E+01
           32          -0.24291E+02          -0.10718E-04          -0.31513E+01
           33           0.41325E-12          -0.10481E-12          -0.43655E+01
           34           0.24291E+02           0.10718E-04          -0.31513E+01
           35           0.49393E+02           0.32393E+01          -0.16936E+01
           36          -0.44454E+02          -0.29149E+01          -0.16937E+01
           37          -0.21862E+02           0.52895E-05          -0.31511E+01
           38           0.40712E-12           0.10170E-12          -0.43658E+01
           39           0.21862E+02          -0.52895E-05          -0.31511E+01
           40           0.44454E+02           0.29149E+01          -0.16937E+01
           41          -0.39514E+02          -0.25911E+01          -0.16937E+01
           42          -0.19433E+02           0.35141E-06          -0.31512E+01
           43           0.45647E-12          -0.16354E-12          -0.43657E+01
           44           0.19433E+02          -0.35141E-06          -0.31512E+01
           45           0.39514E+02           0.25911E+01          -0.16937E+01
           46          -0.34575E+02          -0.22672E+01          -0.16937E+01
           47          -0.17004E+02           0.35576E-06          -0.31512E+01
           48           0.34539E-12          -0.74618E-12          -0.43657E+01
           49           0.17004E+02          -0.35577E-06          -0.31512E+01
           50           0.34575E+02           0.22672E+01          -0.16937E+01
           51          -0.29636E+02          -0.19433E+01          -0.16937E+01
           52          -0.14575E+02           0.14567E-06          -0.31512E+01
           53           0.37008E-12           0.92593E-13          -0.43658E+01
           54           0.14575E+02          -0.14567E-06          -0.31512E+01
           55           0.29636E+02           0.19433E+01          -0.16937E+01
           56          -0.24697E+02          -0.16194E+01          -0.16936E+01
           57          -0.12146E+02          -0.61028E-05          -0.31512E+01
           58           0.16039E-12          -0.98643E-13          -0.43658E+01
           59           0.12146E+02           0.61028E-05          -0.31512E+01
           60           0.24697E+02           0.16194E+01          -0.16936E+01
           61          -0.19758E+02          -0.12962E+01          -0.16940E+01
           62          -0.97164E+01          -0.86726E-04          -0.31510E+01
           63           0.22204E-12           0.33307E-12          -0.43659E+01
           64           0.97164E+01           0.86726E-04          -0.31510E+01
           65           0.19758E+02           0.12962E+01          -0.16940E+01
           66          -0.14814E+02          -0.96765E+00          -0.16939E+01
           67          -0.72914E+01          -0.19768E-04          -0.31519E+01
           68           0.24673E-12           0.61678E-12          -0.43624E+01
           69           0.72914E+01           0.19768E-04          -0.31519E+01
           70           0.14814E+02           0.96765E+00          -0.16939E+01
           71          -0.98480E+01          -0.64102E+00          -0.17064E+01
           72          -0.48909E+01           0.27578E-02          -0.31444E+01
           73           0.22207E-12           0.11658E-11          -0.43580E+01
           74           0.48909E+01          -0.27578E-02          -0.31444E+01
           75           0.98480E+01           0.64102E+00          -0.17064E+01
           76          -0.48172E+01          -0.21473E+00          -0.16217E+01
           77          -0.24542E+01           0.24159E-01          -0.31747E+01
           78          -0.12337E-13           0.82957E-12          -0.43729E+01
           79           0.24542E+01          -0.24159E-01          -0.31747E+01
           80           0.48172E+01           0.21473E+00          -0.16217E+01
           81          -0.26205E+01          -0.13226E+01          -0.15442E+01
           82          -0.13997E+01          -0.72589E+00          -0.32331E+01
           83          -0.49342E-13           0.82033E-12          -0.44071E+01
           84           0.13997E+01           0.72589E+00          -0.32331E+01
           85           0.26205E+01           0.13226E+01          -0.15442E+01

 ENERGY STORED IN THE SYSTEM
             TOTAL VOLUME               TOTAL STRAIN ENERGY             TOTAL STRAIN ENERGY %
                   576.00                       0.10341E+02                            100.00
