
2D ISOP4 FINITE ELEMENT [m, kN]

TYPE OF PROBLEM(0 = PLANE STRESS, 1 = PLANE STRAIN)
0

TYPE OF MESH <0 = STANDARD, 1 = AUTOMATIC>
1

DOMAINS<NDom><Dom, X1, Y1, X2, Y2, X3, Y3, X4, Y4, NSubx, NSuby>
1
1, 0, 0, 6, 0, 6, 4, 0, 4, 30, 20

CHARACTERSTICS<NType><Type, E, v, alpha, self-weight, t>
1
1, 37000000, 0.20, 0, 0, 1

PROPERTY OF DOMAIN<IDDom, Type, NGauss>
1, 1, 2

RESTRAINTS<NRes><Node, Dir>
54
1, 1
2, 1
3, 1
4, 1
5, 1
6, 1
7, 1
8, 1
9, 1
10, 1
11, 1
12, 1
13, 1
14, 1
15, 1
16, 1
17, 1
18, 1
19, 1
20, 1
21, 1
85, 1
85, 2
106, 1
106, 2
127, 1
127, 2
505, 1
505, 2
526, 1
526, 2
547, 1
547, 2
631, 1
632, 1
633, 1
634, 1
635, 1
636, 1
637, 1
638, 1
639, 1
640, 1
641, 1
642, 1
643, 1
644, 1
645, 1
646, 1
647, 1
648, 1
649, 1
650, 1
651, 1

LINKS<NLinks><Master, Slave, Dir>
0

NODAL LOADS<NLoads><Node, Dir, Force>
0

SURFACE LOADS<NLoads><IDSide, N1, N2, Px1, Px2, Py1, Py2>
28
1, 42, 63, 0, 0, -10, -10
2, 63, 84, 0, 0, -10, -10
3, 84, 105, 0, 0, -10, -10
4, 105, 126, 0, 0, -10, -10
5, 126, 147, 0, 0, -10, -10
6, 147, 168, 0, 0, -10, -10
7, 168, 189, 0, 0, -10, -10
8, 189, 210, 0, 0, -10, -10
9, 210, 231, 0, 0, -10, -10
10, 231, 252, 0, 0, -10, -10
11, 252, 273, 0, 0, -10, -10
12, 273, 294, 0, 0, -10, -10
13, 294, 315, 0, 0, -10, -10
14, 315, 336, 0, 0, -10, -10
15, 336, 357, 0, 0, -10, -10
16, 357, 378, 0, 0, -10, -10
17, 378, 399, 0, 0, -10, -10
18, 399, 420, 0, 0, -10, -10
19, 420, 441, 0, 0, -10, -10
20, 441, 462, 0, 0, -10, -10
21, 462, 483, 0, 0, -10, -10
22, 483, 504, 0, 0, -10, -10
23, 504, 525, 0, 0, -10, -10
24, 525, 546, 0, 0, -10, -10
25, 546, 567, 0, 0, -10, -10
26, 567, 588, 0, 0, -10, -10
27, 588, 609, 0, 0, -10, -10
28, 609, 630, 0, 0, -10, -10

THERMAL LOADS<Nloads><Elem, DT>
0

NODAL AVARAGING <0 = Arithmetic, 1 = Volumetric, 2 = Energy>
0


